          19
          19
          35
          35
           9
          19
          35
          35
         -20
         -23
          24
          24
           9
          40
           9
          40
          40
          40
         -20
         -26
          14
          29
          14
          45
          14
          14
          45
         -20
          19
          19
          19
          19
          19
          19
          50
         -20
           8
          24
          24
          55
          24
          24
         -21
          13
          13
          29
          13
          29
         -21
         -23
          18
          34
           8
          34
         -20
          23
           8
           8
          39
         -20
          13
          13
          13
          44
          18
          18
          18
          49
           7
          23
          23
         -20
          12
          12
         -20
          17
           7
         -20
           7
          38
          12
          12
          17
          17
           6
          22
          11
         -20
           6
           6
          11
          16
           5
          10
           5
          10
           4
           4
           3
           2
          -2
           0
           1
          12
           2
           7
          13
           8
           3
          13
           8
          19
          14
          14
           9
         -21
           4
         -20
          14
         -20
           9
           9
          20
          20
          15
          15
          15
         -21
          10
          10
         -22
          36
           5
          20
         -20
          31
          15
          15
         -21
          26
          10
          26
          10
         -20
          21
          21
          21
          21
          16
          47
          16
          47
          16
          16
         -22
          42
          11
          11
          11
          26
         -23
         -20
          37
          21
           6
          37
          21
          21
         -21
         -23
          32
          16
          16
          32
          16
         -52
         -22
         -23
          27
          27
          11
          58
          27
          42
          11
          11
         -21
          53
          22
          22
          22
          53
          22
          22
          22
         -46
          17
         -20
          48
          48
          17
