          43
          43
          43
          43
          28
          28
          43
          43
          28
          74
          59
          28
          28
          28
          43
          74
          28
          74
          28
          74
          28
          28
          28
          28
          59
          59
          59
          74
          59
          59
          59
          59
          28
          28
          28
          28
          90
          90
          90
          28
          28
          28
          28
          90
          90
          90
          59
          28
          28
         121
          28
          43
          43
          43
          28
          28
          28
         121
          59
          59
          28
          28
          59
          59
          59
          59
          59
          59
          59
          59
          59
          90
         -25
          59
          59
          90
         -27
         -27
          90
         -28
         -26
         -31
         -26
          90
         -35
         -35
         -44
         -44
          17
         -60
          17
         -39
          17
          17
         -39
         -54
         -54
         -54
         -54
         -54
          33
          33
          33
          48
          17
         152
          33
          48
          33
          33
         -73
          48
          48
          48
          48
          33
          48
          48
          33
          79
          33
          33
          33
          48
          33
          33
          79
          33
          33
          33
          33
          33
          64
          64
          64
          79
          17
          64
          64
          64
          33
          33
          33
          95
          17
          95
          17
          95
          33
          33
          95
          95
          33
          33
          33
         126
          33
          33
          48
          33
          33
          33
          33
          64
          33
          33
          64
          64
         -25
          64
          64
          64
          64
          64
          95
         -28
         -28
          64
         -28
         -44
          95
          95
         -29
         -34
         -27
          95
         -38
         -38
         -27
         -27
         -63
          22
          22
          22
          22
         -42
         -57
         -57
         -57
         -57
          22
          38
          38
         157
          22
          22
          53
          38
          22
         -76
          22
          69
          53
          53
          53
          53
          38
          84
          38
          38
          38
          38
          38
          84
          38
          38
          38
          38
          69
          69
          69
          84
          12
          69
          69
          38
          38
          38
         100
          22
          22
          22
          22
          38
         100
         100
          38
          38
          38
         131
          38
          53
          38
          38
          38
          38
          38
          38
          38
          69
         -28
         -28
          69
          69
         -23
          69
         100
          69
         -31
         -31
         -47
         100
         -26
         -32
         -26
         -32
         -41
         -41
         -30
         -30
          27
          27
          27
         131
          27
          27
         -60
         -60
          27
          27
          27
          43
          27
          27
          58
          43
          12
         -79
          27
          58
          58
          58
          58
          43
          43
          43
          43
          58
          43
          43
          43
          43
          12
          43
          74
          74
          12
          12
          74
          74
          43
          43
          43
         105
          27
          27
          27
          43
          43
         105
          43
         136
          43
          43
          58
          43
          43
          43
          43
          74
          43
          43
         -31
         -31
         -22
          74
         -26
          74
         -25
         -25
         -34
         -50
         -29
         -29
         -29
         -29
         -44
         -44
         -33
         -33
          17
          32
          32
          32
          32
          32
         -63
          32
          32
          32
          32
          32
          63
          63
          17
         -82
          17
          63
          63
          63
          17
          17
          48
          48
          48
          48
          48
          48
          17
          17
          79
          79
          17
          17
          79
          79
          48
          48
         110
          32
          17
          32
          17
         110
          48
          48
          48
          48
          48
          48
          48
         141
          48
          48
          48
         -34
         -22
         -25
         -24
         -29
         -28
         -28
         -37
         -53
          22
         -32
         -32
         -38
         -47
         -47
         -36
          22
          22
          37
          22
          37
         -66
         -66
          37
          37
          22
          37
          68
          53
          22
          22
          68
          68
          22
          22
          22
          53
          53
          53
          53
          53
          22
          22
          84
          84
          22
          22
          84
          53
          22
         115
          22
          37
          22
          22
          53
          53
          53
          53
          53
          53
          53
          53
          53
          53
         -23
         -25
         -24
         -27
         -31
         -31
         -40
         -56
          11
         -35
         -35
         -50
         -50
         -50
          27
          27
          27
          27
          27
         -69
          42
          42
          27
          42
          27
          58
          27
          42
          27
          27
          27
          27
          58
          58
          58
          58
          27
          27
          89
          89
          27
          27
          89
          58
          27
          27
          42
          27
          27
          58
          27
          58
          58
          58
          58
          58
         -24
          58
         -26
          89
         -25
         -25
         -34
         -43
          16
          16
          16
         -38
         -53
         -53
          32
          32
          16
          32
          32
         -72
          47
          47
          47
          32
          32
          32
          32
          78
          32
          32
          63
          63
          16
          63
          32
          32
          16
          16
          32
          94
          32
          32
          32
          47
          32
          32
          32
          63
         -24
          63
          63
          94
         -27
         -27
          94
         -28
         -26
         -37
         -26
         -62
          21
          21
         -56
         -56
          21
          37
          21
          52
          21
          21
          52
          52
          37
          37
          37
          37
          37
          37
          68
          68
          11
          68
          37
          99
          21
          21
          99
          37
          37
          37
          37
          37
          37
          37
         -27
          68
         -22
          99
         -30
         -46
         -25
         -25
         -40
         -29
          26
          26
          26
         -59
          26
          26
          26
          57
          11
          26
          57
          57
          42
          42
          42
          42
          11
          73
          11
          73
          42
          42
          26
          26
          42
          42
          42
          57
          42
          42
          42
         -30
         -21
         -25
         -24
         -33
         -28
         -28
         -43
         -32
          16
          31
          31
         -62
          31
          31
          62
          16
          16
          62
          16
          47
          47
          47
          16
          78
          16
          78
          47
         109
          16
          16
          47
          47
          47
          47
          47
          47
         -21
         -23
         -27
         -36
          21
         -31
         -46
         -35
          21
          21
         -65
          36
          21
          67
          21
          67
          21
          21
          52
          52
          21
          83
          21
          83
          21
          21
          21
          52
          52
          52
          52
          52
         -22
         -23
         -30
         -39
          10
         -34
         -49
          26
          26
          26
          41
          26
          26
          26
          26
          26
          57
          57
          26
          88
          26
          88
          26
          41
          26
          26
          57
          57
         -23
         -25
         -24
         -33
          15
          15
         -52
          31
          15
          31
          46
          46
          31
          31
          31
          62
          15
          31
          15
          31
          31
          31
          31
          31
         -23
          62
         -26
          93
         -25
         -25
          20
         -55
          20
          20
          20
          51
          36
          36
          36
          67
          10
          36
          20
          98
          36
          36
          36
         -26
         -21
         -29
         -24
         -39
          25
          25
          25
          25
          10
          56
          41
          41
          10
          10
          41
          25
          41
          41
          41
          41
         -20
         -23
         -27
         -42
          15
          30
          30
          61
          15
          15
          46
          15
          15
          46
          15
          46
          46
          46
         -20
         -26
          20
         -45
          20
         -64
          20
          20
          20
          51
          20
          20
          20
          20
          51
          51
         -21
         -29
           9
         -48
          25
          40
          25
          25
          56
          25
          25
          25
          25
          56
         -22
         -23
          14
         -51
          14
          45
          30
          30
          14
          14
          30
          30
         -22
         -25
         -24
          19
          19
          19
          35
          35
           9
          19
          35
          35
         -20
         -23
          24
          24
           9
          40
           9
          40
          40
          40
         -20
         -26
          14
          29
          14
          45
          14
          14
          45
         -20
          19
          19
          19
          19
          19
          19
          50
         -20
           8
          24
          24
          55
          24
          24
         -21
          13
          13
          29
          13
          29
         -21
         -23
          18
          34
           8
          34
         -20
          23
           8
           8
          39
         -20
          13
          13
          13
          44
          18
          18
          18
          49
           7
          23
          23
         -20
          12
          12
         -20
          17
           7
         -20
           7
          38
          12
          12
          17
          17
           6
          22
          11
         -20
           6
           6
          11
          16
           5
          10
           5
          10
           4
           4
           3
           2
          -2
           0
           1
          12
           2
           7
          13
           8
           3
          13
           8
          19
          14
          14
           9
         -21
           4
         -20
          14
         -20
           9
           9
          20
          20
          15
          15
          15
         -21
          10
          10
         -22
          36
           5
          20
         -20
          31
          15
          15
         -21
          26
          10
          26
          10
         -20
          21
          21
          21
          21
          16
          47
          16
          47
          16
          16
         -22
          42
          11
          11
          11
          26
         -23
         -20
          37
          21
           6
          37
          21
          21
         -21
         -23
          32
          16
          16
          32
          16
         -52
         -22
         -23
          27
          27
          11
          58
          27
          42
          11
          11
         -21
          53
          22
          22
          22
          53
          22
          22
          22
         -46
          17
         -20
          48
          48
          17
          17
          48
          17
          17
          32
          17
         -43
         -23
         -20
          43
          43
          12
          43
          12
          43
          12
          12
          27
          27
         -24
         -25
         -21
         -27
          38
          38
          22
          38
           7
          38
          38
          53
          22
          22
          22
         -26
         -22
         -27
         -24
          33
          33
          33
          17
          33
          17
          33
          33
          48
          17
          17
         -53
          17
         -23
         -25
         -24
          59
          28
          28
          28
          90
          12
          28
          59
          28
          28
          28
          43
          28
          12
         -50
          12
         -40
         -22
         -23
          54
          54
          23
          23
          23
          85
          23
          23
          54
          23
          23
          23
          23
          38
          23
          23
         -47
         -32
          18
         -28
         -21
          49
          49
          49
          49
          18
          18
          49
          18
          80
          49
          49
          18
          64
          18
          64
          33
         -63
          18
          18
         -44
         -29
         -24
         -25
         -21
         -31
          44
          44
          44
          44
          13
          28
          44
          75
          13
          13
          44
          44
          13
          59
          13
          59
          28
          28
          28
          28
         -25
         -41
         -26
         -47
         -22
         -23
         -28
          39
          39
          39
          39
          39
          23
          23
          39
          70
           8
          70
          39
          39
          39
          39
          54
          23
          23
          23
          23
         -57
          23
          23
         -27
         -38
         -23
          96
         -28
          96
         -25
         -25
          34
          34
          34
          34
          34
          96
          18
          18
          34
          65
          18
          65
          34
          80
          34
          34
          49
          49
          18
          34
          18
          34
         -54
         -54
          18
          18
         -24
         -35
         -26
          91
         -25
         -25
          60
          60
          29
          29
          29
          29
          29
          29
          91
          29
          13
          91
          29
          60
          60
          60
          29
          29
          29
          29
          29
          44
          44
          44
          29
          29
          13
          29
         -51
         -51
          13
          13
         -41
         -32
         -23
         -25
         -24
          55
          55
          55
          55
          55
          24
          55
          24
          39
          24
          24
          86
          24
          24
          86
          24
          55
          55
          55
          24
          24
          24
          70
          24
          55
          24
          24
          39
         -67
          24
          24
          24
          24
         -48
         -48
         -33
         -33
          19
         -38
         -29
         -30
         -22
         -23
          50
          50
          50
          50
          50
          50
          50
          50
          19
          34
          19
         112
          50
          81
          19
          19
          81
          19
          50
          50
          50
          50
          19
          19
          65
          65
          19
          19
          65
          34
          34
          34
         -64
          34
          19
          34
          19
         -34
         -45
         -45
         -30
         -30
         -25
         -35
         -26
          76
         -22
         -23
         -32
          45
          45
          45
          45
          45
          45
          45
          45
         107
          14
          29
          29
         107
          45
          45
          76
          14
          14
          76
          14
          45
          45
          45
          45
          45
          14
          60
          60
          60
          14
          14
          60
          29
          29
          29
          29
         -61
          29
          29
          29
          29
         -26
         -31
         -42
         -33
         -27
         -27
         -48
         -32
         -23
         102
         -24
          71
         -29
         -29
          40
          40
          40
          40
          40
          55
          40
          40
          40
         102
          24
          24
          24
          24
          40
          40
          71
          71
           9
          71
          71
          40
          40
          40
          40
          40
          40
          40
          40
          55
          55
          55
          24
         -77
          24
          55
          24
         159
          24
          24
         -58
         -58
          24
          24
          24
          24
         -28
         -28
         -39
          97
         -24
         -30
          97
         -45
         -29
         -29
          97
          66
         -26
          66
         -26
          66
          35
          35
          35
          35
          35
          50
          35
         128
          35
          35
          97
          35
          19
          19
          19
          97
          35
          35
          66
          66
          19
          66
          66
          35
          35
          35
          81
          35
          35
          35
          35
          81
          50
          50
          50
          50
          19
         -74
          35
          50
          19
          19
          35
          35
         -55
         -55
         -55
         -55
          19
          19
          19
         -61
         -25
         -45
         -36
          92
         -27
         -27
          92
         -28
         -26
          61
         -26
          92
          61
          61
          61
          61
          30
          61
          30
          61
          30
          30
          30
          45
          30
          30
          30
          30
          92
          92
          30
          30
          14
          92
          92
          30
          30
          30
          61
          61
          61
          61
          61
          30
          30
          30
          30
          76
          30
          45
          30
          30
          30
          30
          45
          30
          45
          45
          45
         -71
          30
          30
          30
         149
          14
          30
          30
         -41
         -52
         -52
         -52
         -37
          14
         -37
          14
         -58
         -42
         -42
         -33
         -33
         -24
         -29
         -26
          87
         -25
         -25
          56
          56
          56
          56
          56
          56
          56
          56
          56
          56
          25
          56
          56
         118
          25
          25
          40
          25
          25
         118
          25
          56
          87
          87
          25
          25
          25
          87
          87
          56
          25
          25
          56
          56
          56
          56
          56
          56
          25
          25
          25
          71
          25
          71
          71
          40
          25
          25
          56
          71
          25
          40
          25
          71
          40
          40
         -68
         -68
          25
          40
          25
         144
          25
          25
          25
         -38
         -49
         -49
         -49
         -49
         -34
         -34
         -34
         113
          20
         -55
         -39
         -30
         -30
         -30
         -31
         -26
         -23
         -27
         -24
         -36
          51
          51
          51
          82
          51
         144
          51
          51
          51
          51
          51
          51
          51
          51
          51
         113
          20
          20
          35
          35
          20
          35
         113
          51
          51
          51
          82
          82
          20
          20
          20
          82
          82
          82
          20
          20
          51
          51
          51
         113
          51
          51
          51
          51
          20
          20
          20
          66
          66
          66
          66
          35
          20
         -84
          20
          51
          66
          66
          35
          35
          35
          35
          35
         -54
         -65
         -65
          35
          35
          20
          35
          35
          35
          20
          20
         -35
         -35
         -46
         -46
         -46
         -37
         -31
         -31
         -31
         108
         -26
         -52
         -36
          77
         -27
         -27
          77
         -28
         -23
          77
         -24
          77
         -33
         -33
          46
          46
          46
          77
          46
         139
          46
          46
          46
          61
          46
          46
          46
          46
          46
          46
         108
         108
          15
          46
          30
          30
          30
          30
         108
          46
          46
          46
          46
          77
          77
          77
          15
          92
          15
          77
          77
          46
          15
          15
          46
          46
          46
          46
          46
          46
          46
          46
          46
          77
          15
          46
          61
          61
          61
          61
          61
          30
          15
         -81
          15
          46
          61
          61
          30
          30
          30
          46
          30
          46
          30
          30
         -62
         -62
          30
          30
          30
          30
          30
          30
          30
         -68
         -27
         -32
         -32
         -43
         -43
         -43
         -34
         -28
         -28
         -34
         -28
         103
         -49
         -49
         -33
          72
         -24
          72
         103
          72
         -25
         -25
          72
          72
         -30
         -30
         -30
          72
          41
          41
          41
          72
          41
          41
          41
          41
          41
          41
          56
          41
          41
