-14
-15
-19
-26
-10
-18
-14
-14
-15
-12
-17
-25
-10
-29
-10
-21
-18
-18
-12
-17
-7
-13
-13
-13
-9
-9
-13
-17
-12
-16
-12
-16
-12
-15
-20
-27
-8
-15
-16
-12
-11
-11
-11
-22
-7
-12
-8
-14
-10
-10
-13
-18
-9
-13
-14
-16
-9
-9
-17
-12
-6
-12
-8
-12
-11
-11
-12
-19
-7
-15
-10
-10
-6
-7
-9
-12
-8
-13
-8
-16
-5
-7
-10
-12
-6
-9
-5
-8
-7
-7
-4
-9
-5
-4
-6
-4
-4
-5
-3
-2
-2
0
1
7
2
5
8
16
3
19
6
14
9
9
17
17
4
12
20
20
7
7
15
15
10
23
10
111
18
18
18
106
5
26
13
13
21
21
21
34
8
109
8
29
16
16
16
104
11
24
24
24
11
11
112
112
19
32
19
32
19
19
107
107
6
27
27
27
14
14
14
102
22
115
22
14
22
22
35
35
9
22
110
110
9
9
30
30
17
30
17
92
17
17
105
105
12
118
25
25
25
